track_id,genre,Wonder,Transcendence,Tenderness,Nostalgia,Peacefulness,Power,Joy,Tension,Sadness
1,classical,0.06999999999999999,0.15999999999999998,0.09999999999999999,0.13999999999999999,0.3,0.009999999999999998,0.039999999999999994,0.03,0.15
2,classical,0.053763440860215055,0.08602150537634408,0.21505376344086022,0.17204301075268816,0.3763440860215053,0.02150537634408602,0.01075268817204301,0.01075268817204301,0.053763440860215055
3,classical,0.0879120879120879,0.1758241758241758,0.06593406593406592,0.0879120879120879,0.03296703296703296,0.14285714285714285,0.20879120879120877,0.12087912087912088,0.07692307692307693
4,classical,0.05434782608695653,0.06521739130434782,0.23913043478260873,0.2065217391304348,0.34782608695652173,0.010869565217391304,0.0,0.010869565217391304,0.06521739130434782
5,classical,0.02150537634408602,0.13978494623655913,0.15053763440860213,0.24731182795698922,0.15053763440860213,0.02150537634408602,0.03225806451612903,0.08602150537634408,0.15053763440860213
6,classical,0.054945054945054944,0.10989010989010989,0.10989010989010989,0.15384615384615383,0.2857142857142857,0.03296703296703296,0.12087912087912088,0.06593406593406592,0.06593406593406592
7,classical,0.17391304347826086,0.043478260869565216,0.07608695652173914,0.043478260869565216,0.05434782608695653,0.10869565217391305,0.41304347826086957,0.07608695652173914,0.010869565217391304
8,classical,0.043010752688172046,0.13978494623655915,0.16129032258064518,0.15053763440860218,0.23655913978494628,0.021505376344086023,0.09677419354838712,0.07526881720430109,0.07526881720430109
9,classical,0.05434782608695651,0.13043478260869562,0.15217391304347824,0.19565217391304346,0.22826086956521735,0.021739130434782605,0.032608695652173905,0.010869565217391302,0.17391304347826084
10,classical,0.14130434782608697,0.10869565217391305,0.010869565217391304,0.021739130434782608,0.010869565217391304,0.2608695652173913,0.32608695652173914,0.10869565217391305,0.010869565217391304
11,classical,0.021978021978021976,0.15384615384615383,0.12087912087912088,0.1978021978021978,0.18681318681318682,0.021978021978021976,0.03296703296703296,0.06593406593406592,0.1978021978021978
12,classical,0.1758241758241758,0.03296703296703297,0.0879120879120879,0.0879120879120879,0.0879120879120879,0.04395604395604395,0.41758241758241754,0.04395604395604395,0.021978021978021976
13,classical,0.01098901098901099,0.16483516483516486,0.07692307692307693,0.2087912087912088,0.19780219780219782,0.07692307692307693,0.01098901098901099,0.1208791208791209,0.13186813186813187
14,classical,0.06593406593406594,0.1098901098901099,0.16483516483516486,0.17582417582417584,0.2087912087912088,0.04395604395604396,0.07692307692307693,0.08791208791208792,0.06593406593406594
15,classical,0.03225806451612903,0.16129032258064513,0.13978494623655913,0.2150537634408602,0.17204301075268816,0.01075268817204301,0.01075268817204301,0.04301075268817204,0.2150537634408602
16,classical,0.04395604395604395,0.13186813186813184,0.021978021978021976,0.021978021978021976,0.010989010989010988,0.34065934065934067,0.05494505494505494,0.30769230769230765,0.06593406593406592
17,classical,0.04301075268817204,0.07526881720430108,0.2688172043010753,0.2043010752688172,0.3010752688172043,0.0,0.0,0.02150537634408602,0.08602150537634408
18,classical,0.20879120879120877,0.0989010989010989,0.03296703296703297,0.06593406593406594,0.06593406593406594,0.054945054945054944,0.45054945054945056,0.021978021978021976,0.0
19,classical,0.054945054945054944,0.1758241758241758,0.1758241758241758,0.14285714285714285,0.24175824175824176,0.021978021978021976,0.021978021978021976,0.054945054945054944,0.10989010989010989
20,classical,0.04255319148936171,0.20212765957446813,0.07446808510638299,0.14893617021276598,0.2446808510638298,0.021276595744680854,0.03191489361702128,0.09574468085106384,0.13829787234042554
21,classical,0.07692307692307691,0.10989010989010986,0.19780219780219777,0.13186813186813184,0.30769230769230765,0.010989010989010988,0.09890109890109888,0.021978021978021976,0.04395604395604395
22,classical,0.09890109890109888,0.13186813186813184,0.21978021978021975,0.05494505494505494,0.19780219780219777,0.03296703296703296,0.1868131868131868,0.04395604395604395,0.03296703296703296
23,classical,0.07692307692307693,0.24175824175824176,0.021978021978021976,0.04395604395604395,0.021978021978021976,0.1868131868131868,0.3076923076923077,0.05494505494505494,0.04395604395604395
24,classical,0.05434782608695653,0.11956521739130435,0.0,0.0,0.043478260869565216,0.2282608695652174,0.2934782608695652,0.2173913043478261,0.043478260869565216
25,classical,0.0989010989010989,0.23076923076923075,0.07692307692307693,0.13186813186813184,0.13186813186813184,0.021978021978021976,0.12087912087912088,0.10989010989010987,0.07692307692307693
26,classical,0.13043478260869565,0.13043478260869565,0.010869565217391306,0.09782608695652174,0.010869565217391306,0.16304347826086957,0.31521739130434784,0.10869565217391304,0.03260869565217391
27,classical,0.04395604395604395,0.3076923076923076,0.0,0.021978021978021976,0.010989010989010988,0.3296703296703296,0.021978021978021976,0.1758241758241758,0.0879120879120879
28,classical,0.17204301075268816,0.04301075268817204,0.13978494623655913,0.03225806451612903,0.22580645161290322,0.0,0.3655913978494624,0.02150537634408602,0.0
29,classical,0.07526881720430109,0.13978494623655915,0.13978494623655915,0.13978494623655915,0.21505376344086025,0.010752688172043012,0.06451612903225808,0.043010752688172046,0.17204301075268819
30,classical,0.2391304347826087,0.18478260869565216,0.010869565217391304,0.010869565217391304,0.05434782608695652,0.20652173913043478,0.2826086956521739,0.010869565217391304,0.0
31,classical,0.043478260869565216,0.09782608695652174,0.14130434782608697,0.2608695652173913,0.25,0.021739130434782608,0.010869565217391304,0.043478260869565216,0.13043478260869565
32,classical,0.03846153846153846,0.1282051282051282,0.11538461538461539,0.20512820512820515,0.24358974358974358,0.012820512820512822,0.0641025641025641,0.025641025641025644,0.16666666666666669
33,classical,0.0,0.07462686567164178,0.1791044776119403,0.1791044776119403,0.34328358208955223,0.0,0.029850746268656716,0.029850746268656716,0.16417910447761194
34,classical,0.14285714285714285,0.07142857142857142,0.07142857142857142,0.07142857142857142,0.16666666666666666,0.023809523809523808,0.38095238095238093,0.047619047619047616,0.023809523809523808
35,classical,0.07142857142857142,0.03571428571428571,0.14285714285714285,0.10714285714285715,0.4285714285714286,0.0,0.03571428571428571,0.07142857142857142,0.10714285714285715
36,classical,0.06249999999999999,0.06249999999999999,0.15625,0.1875,0.28125,0.06249999999999999,0.0,0.09375,0.09375
37,classical,0.08108108108108109,0.10810810810810811,0.21621621621621623,0.16216216216216217,0.16216216216216217,0.02702702702702703,0.0,0.10810810810810811,0.13513513513513514
38,classical,0.0303030303030303,0.1212121212121212,0.1515151515151515,0.18181818181818182,0.2727272727272727,0.0,0.0303030303030303,0.0303030303030303,0.18181818181818182
39,classical,0.25641025641025644,0.12820512820512822,0.0,0.0,0.0,0.23076923076923078,0.3076923076923077,0.07692307692307693,0.0
40,classical,0.14285714285714288,0.14285714285714288,0.0,0.028571428571428574,0.0,0.2285714285714286,0.28571428571428575,0.17142857142857146,0.0
41,classical,0.08571428571428572,0.19999999999999998,0.11428571428571428,0.17142857142857143,0.17142857142857143,0.02857142857142857,0.08571428571428572,0.05714285714285714,0.08571428571428572
42,classical,0.1,0.1,0.13333333333333333,0.1,0.3666666666666667,0.06666666666666667,0.0,0.06666666666666667,0.06666666666666667
43,classical,0.12121212121212122,0.12121212121212122,0.09090909090909091,0.12121212121212122,0.030303030303030304,0.09090909090909091,0.15151515151515152,0.12121212121212122,0.15151515151515152
44,classical,0.08823529411764706,0.17647058823529413,0.11764705882352941,0.08823529411764706,0.23529411764705882,0.058823529411764705,0.11764705882352941,0.029411764705882353,0.08823529411764706
45,classical,0.027777777777777776,0.1111111111111111,0.08333333333333334,0.19444444444444442,0.25,0.027777777777777776,0.027777777777777776,0.027777777777777776,0.25
46,classical,0.09375000000000001,0.0625,0.25,0.21875,0.28125,0.0,0.03125,0.0,0.0625
47,classical,0.02631578947368421,0.07894736842105264,0.10526315789473684,0.21052631578947367,0.18421052631578946,0.02631578947368421,0.02631578947368421,0.05263157894736842,0.2894736842105263
48,classical,0.029411764705882353,0.23529411764705882,0.029411764705882353,0.17647058823529413,0.11764705882352941,0.029411764705882353,0.058823529411764705,0.17647058823529413,0.14705882352941177
49,classical,0.0,0.24390243902439027,0.04878048780487805,0.04878048780487805,0.04878048780487805,0.12195121951219513,0.024390243902439025,0.1951219512195122,0.2682926829268293
50,classical,0.12500000000000003,0.15000000000000002,0.07500000000000001,0.05000000000000001,0.0,0.15000000000000002,0.30000000000000004,0.12500000000000003,0.025000000000000005
51,classical,0.05555555555555556,0.08333333333333334,0.11111111111111112,0.33333333333333337,0.16666666666666669,0.0,0.0,0.05555555555555556,0.19444444444444448
52,classical,0.11764705882352941,0.1764705882352941,0.029411764705882353,0.029411764705882353,0.029411764705882353,0.11764705882352941,0.2647058823529412,0.2058823529411765,0.029411764705882353
53,classical,0.10526315789473684,0.15789473684210528,0.0,0.07894736842105264,0.0,0.13157894736842105,0.15789473684210528,0.31578947368421056,0.05263157894736842
54,classical,0.07317073170731707,0.07317073170731707,0.07317073170731707,0.0,0.1951219512195122,0.12195121951219513,0.3658536585365854,0.04878048780487805,0.04878048780487805
55,classical,0.05714285714285714,0.02857142857142857,0.2,0.05714285714285714,0.28571428571428575,0.02857142857142857,0.11428571428571428,0.14285714285714288,0.08571428571428572
56,classical,0.08333333333333333,0.08333333333333333,0.16666666666666666,0.1388888888888889,0.3611111111111111,0.027777777777777776,0.05555555555555555,0.0,0.08333333333333333
57,classical,0.10810810810810811,0.32432432432432434,0.10810810810810811,0.05405405405405406,0.05405405405405406,0.02702702702702703,0.02702702702702703,0.10810810810810811,0.1891891891891892
58,classical,0.027027027027027025,0.16216216216216214,0.05405405405405405,0.08108108108108107,0.05405405405405405,0.2162162162162162,0.08108108108108107,0.2162162162162162,0.1081081081081081
59,classical,0.11428571428571427,0.11428571428571427,0.0,0.057142857142857134,0.0,0.22857142857142854,0.2857142857142857,0.14285714285714285,0.057142857142857134
60,classical,0.04878048780487805,0.12195121951219513,0.12195121951219513,0.21951219512195125,0.21951219512195125,0.0,0.0,0.04878048780487805,0.21951219512195125
61,classical,0.09677419354838708,0.09677419354838708,0.0,0.09677419354838708,0.09677419354838708,0.03225806451612903,0.3225806451612903,0.19354838709677416,0.06451612903225806
62,classical,0.10344827586206896,0.0,0.06896551724137931,0.13793103448275862,0.0,0.06896551724137931,0.44827586206896547,0.17241379310344826,0.0
63,classical,0.030303030303030304,0.15151515151515152,0.12121212121212122,0.2121212121212121,0.24242424242424243,0.0,0.0,0.09090909090909091,0.15151515151515152
64,classical,0.14814814814814817,0.03703703703703704,0.03703703703703704,0.03703703703703704,0.14814814814814817,0.07407407407407408,0.37037037037037046,0.14814814814814817,0.0
65,classical,0.14814814814814814,0.037037037037037035,0.0,0.0,0.0,0.18518518518518517,0.4444444444444444,0.18518518518518517,0.0
66,classical,0.07692307692307691,0.15384615384615383,0.0,0.11538461538461538,0.03846153846153846,0.11538461538461538,0.15384615384615383,0.30769230769230765,0.03846153846153846
67,classical,0.09677419354838711,0.09677419354838711,0.16129032258064516,0.03225806451612903,0.25806451612903225,0.06451612903225806,0.12903225806451613,0.12903225806451613,0.03225806451612903
68,classical,0.0,0.11428571428571427,0.14285714285714285,0.22857142857142854,0.2857142857142857,0.028571428571428567,0.028571428571428567,0.057142857142857134,0.11428571428571427
69,classical,0.021505376344086016,0.08602150537634407,0.29032258064516125,0.24731182795698922,0.26881720430107525,0.021505376344086016,0.032258064516129024,0.032258064516129024,0.0
70,classical,0.10526315789473684,0.18421052631578946,0.02631578947368421,0.23684210526315788,0.21052631578947367,0.02631578947368421,0.0,0.07894736842105263,0.13157894736842105
71,classical,0.09375000000000001,0.15625,0.03125,0.09375000000000001,0.125,0.09375000000000001,0.34375,0.0625,0.0
72,classical,0.12820512820512822,0.15384615384615385,0.0,0.07692307692307693,0.15384615384615385,0.10256410256410257,0.15384615384615385,0.15384615384615385,0.07692307692307693
73,classical,0.11111111111111112,0.11111111111111112,0.11111111111111112,0.22222222222222224,0.1851851851851852,0.0,0.11111111111111112,0.14814814814814817,0.0
74,classical,0.13513513513513514,0.10810810810810811,0.02702702702702703,0.08108108108108109,0.10810810810810811,0.10810810810810811,0.16216216216216217,0.21621621621621623,0.05405405405405406
75,classical,0.09677419354838711,0.06451612903225806,0.06451612903225806,0.09677419354838711,0.06451612903225806,0.12903225806451613,0.19354838709677422,0.25806451612903225,0.03225806451612903
76,classical,0.0,0.21875,0.0,0.09375000000000001,0.0625,0.0625,0.18750000000000003,0.25,0.125
77,classical,0.030303030303030304,0.06060606060606061,0.2121212121212121,0.18181818181818182,0.24242424242424243,0.030303030303030304,0.15151515151515152,0.09090909090909091,0.0
78,classical,0.0606060606060606,0.09090909090909091,0.0606060606060606,0.09090909090909091,0.0303030303030303,0.1212121212121212,0.3333333333333333,0.2121212121212121,0.0
79,classical,0.09090909090909091,0.0606060606060606,0.0303030303030303,0.1515151515151515,0.1212121212121212,0.09090909090909091,0.303030303030303,0.09090909090909091,0.0606060606060606
80,classical,0.11764705882352941,0.17647058823529413,0.029411764705882353,0.11764705882352941,0.14705882352941177,0.058823529411764705,0.3235294117647059,0.029411764705882353,0.0
81,classical,0.0625,0.15625,0.03125,0.0,0.09375,0.15625,0.375,0.125,0.0
82,classical,0.02857142857142857,0.02857142857142857,0.22857142857142856,0.2571428571428571,0.37142857142857144,0.0,0.0,0.0,0.08571428571428572
83,classical,0.07692307692307693,0.05128205128205129,0.10256410256410257,0.23076923076923078,0.07692307692307693,0.025641025641025644,0.1794871794871795,0.07692307692307693,0.1794871794871795
84,classical,0.02702702702702703,0.24324324324324326,0.10810810810810811,0.1891891891891892,0.21621621621621623,0.02702702702702703,0.05405405405405406,0.05405405405405406,0.0810810810810811
85,classical,0.1935483870967742,0.03225806451612903,0.03225806451612903,0.06451612903225806,0.0967741935483871,0.06451612903225806,0.25806451612903225,0.1935483870967742,0.06451612903225806
86,classical,0.08571428571428572,0.17142857142857143,0.02857142857142857,0.08571428571428572,0.14285714285714288,0.11428571428571428,0.08571428571428572,0.2,0.08571428571428572
87,classical,0.03125,0.125,0.15625,0.21875,0.28125,0.0,0.0,0.0,0.18750000000000003
88,classical,0.12121212121212122,0.030303030303030304,0.06060606060606061,0.09090909090909091,0.0,0.12121212121212122,0.24242424242424243,0.24242424242424243,0.09090909090909091
89,classical,0.0,0.03333333333333333,0.23333333333333334,0.23333333333333334,0.4,0.0,0.03333333333333333,0.0,0.06666666666666667
90,classical,0.15999999999999998,0.19999999999999998,0.0,0.0,0.07999999999999999,0.07999999999999999,0.24,0.24,0.0
91,classical,0.0,0.2121212121212121,0.09090909090909091,0.1515151515151515,0.18181818181818182,0.0303030303030303,0.0,0.0303030303030303,0.303030303030303
92,classical,0.0625,0.21875,0.09375000000000001,0.18750000000000003,0.28125,0.0,0.0625,0.03125,0.0625
93,classical,0.0625,0.0,0.18750000000000003,0.125,0.46875,0.0,0.09375000000000001,0.0,0.0625
94,classical,0.1388888888888889,0.2777777777777778,0.0,0.027777777777777776,0.16666666666666669,0.05555555555555555,0.1388888888888889,0.1111111111111111,0.08333333333333334
95,classical,0.14705882352941177,0.08823529411764706,0.11764705882352941,0.08823529411764706,0.058823529411764705,0.058823529411764705,0.35294117647058826,0.029411764705882353,0.058823529411764705
96,classical,0.03125,0.09375000000000001,0.18750000000000003,0.15625,0.25,0.03125,0.18750000000000003,0.03125,0.03125
97,classical,0.06896551724137931,0.27586206896551724,0.034482758620689655,0.10344827586206896,0.13793103448275862,0.0,0.0,0.17241379310344826,0.20689655172413793
98,classical,0.028571428571428567,0.19999999999999996,0.11428571428571427,0.17142857142857143,0.2857142857142857,0.0,0.0,0.028571428571428567,0.17142857142857143
99,classical,0.05128205128205129,0.05128205128205129,0.1794871794871795,0.10256410256410257,0.38461538461538464,0.05128205128205129,0.07692307692307693,0.025641025641025644,0.07692307692307693
100,classical,0.0606060606060606,0.2424242424242424,0.0,0.0606060606060606,0.09090909090909091,0.2727272727272727,0.0606060606060606,0.1515151515151515,0.0606060606060606
101,rock,0.01075268817204301,0.13978494623655913,0.0967741935483871,0.16129032258064516,0.053763440860215055,0.13978494623655913,0.10752688172043011,0.12903225806451613,0.16129032258064516
102,rock,0.06666666666666667,0.02222222222222222,0.19999999999999998,0.3333333333333333,0.19999999999999998,0.0,0.1111111111111111,0.02222222222222222,0.04444444444444444
103,rock,0.056179775280898875,0.033707865168539325,0.033707865168539325,0.0898876404494382,0.0898876404494382,0.24719101123595505,0.2696629213483146,0.1348314606741573,0.0449438202247191
104,rock,0.10227272727272728,0.11363636363636363,0.1477272727272727,0.23863636363636365,0.125,0.022727272727272728,0.06818181818181818,0.07954545454545454,0.10227272727272728
105,rock,0.033707865168539325,0.12359550561797754,0.04494382022471911,0.202247191011236,0.101123595505618,0.1348314606741573,0.022471910112359553,0.12359550561797754,0.21348314606741575
106,rock,0.04395604395604395,0.04395604395604395,0.14285714285714285,0.24175824175824173,0.1978021978021978,0.021978021978021976,0.03296703296703296,0.03296703296703296,0.24175824175824173
107,rock,0.12359550561797754,0.15730337078651688,0.08988764044943821,0.11235955056179776,0.16853932584269662,0.05617977528089888,0.1348314606741573,0.07865168539325844,0.07865168539325844
108,rock,0.06666666666666665,0.14444444444444443,0.055555555555555546,0.17777777777777776,0.14444444444444443,0.1333333333333333,0.02222222222222222,0.15555555555555553,0.09999999999999998
109,rock,0.10112359550561797,0.05617977528089887,0.033707865168539325,0.07865168539325842,0.04494382022471909,0.23595505617977525,0.23595505617977525,0.17977528089887637,0.033707865168539325
110,rock,0.033707865168539325,0.08988764044943819,0.011235955056179773,0.07865168539325842,0.05617977528089887,0.2696629213483146,0.06741573033707865,0.19101123595505615,0.20224719101123595
111,rock,0.13186813186813187,0.03296703296703297,0.01098901098901099,0.05494505494505495,0.05494505494505495,0.2087912087912088,0.38461538461538464,0.07692307692307694,0.04395604395604396
112,rock,0.07777777777777777,0.11111111111111112,0.022222222222222223,0.17777777777777778,0.16666666666666666,0.14444444444444443,0.044444444444444446,0.16666666666666666,0.08888888888888889
113,rock,0.02197802197802198,0.054945054945054944,0.23076923076923075,0.23076923076923075,0.23076923076923075,0.0,0.01098901098901099,0.03296703296703297,0.18681318681318682
114,rock,0.032967032967032975,0.15384615384615385,0.021978021978021983,0.16483516483516483,0.09890109890109891,0.2087912087912088,0.05494505494505496,0.15384615384615385,0.10989010989010992
115,rock,0.03333333333333333,0.1111111111111111,0.03333333333333333,0.14444444444444443,0.06666666666666667,0.24444444444444444,0.06666666666666667,0.14444444444444443,0.15555555555555556
116,rock,0.044444444444444446,0.10000000000000002,0.13333333333333333,0.20000000000000004,0.13333333333333333,0.13333333333333333,0.11111111111111112,0.08888888888888889,0.05555555555555556
117,rock,0.03409090909090909,0.07954545454545454,0.17045454545454544,0.20454545454545453,0.2954545454545454,0.0,0.03409090909090909,0.05681818181818181,0.12499999999999999
118,rock,0.0375,0.0625,0.275,0.25,0.25,0.0,0.0125,0.0125,0.1
119,rock,0.1842105263157895,0.10526315789473684,0.05263157894736842,0.02631578947368421,0.0,0.21052631578947367,0.2894736842105263,0.13157894736842105,0.0
120,rock,0.07692307692307693,0.10256410256410257,0.12820512820512822,0.23076923076923075,0.10256410256410257,0.12820512820512822,0.07692307692307693,0.07692307692307693,0.07692307692307693
121,rock,0.10344827586206896,0.034482758620689655,0.0,0.0,0.0,0.3448275862068966,0.10344827586206896,0.3103448275862069,0.10344827586206896
122,rock,0.08571428571428572,0.05714285714285714,0.3142857142857143,0.19999999999999998,0.14285714285714285,0.08571428571428572,0.02857142857142857,0.05714285714285714,0.02857142857142857
123,rock,0.041666666666666664,0.0,0.0,0.08333333333333333,0.0,0.16666666666666666,0.5416666666666666,0.125,0.041666666666666664
124,rock,0.09090909090909091,0.045454545454545456,0.045454545454545456,0.18181818181818182,0.13636363636363635,0.045454545454545456,0.09090909090909091,0.13636363636363635,0.22727272727272727
125,rock,0.0,0.0625,0.0625,0.125,0.0,0.0625,0.375,0.1875,0.125
126,rock,0.05555555555555556,0.11111111111111112,0.0,0.0,0.0,0.16666666666666669,0.5000000000000001,0.16666666666666669,0.0
127,rock,0.09523809523809523,0.0,0.0,0.14285714285714285,0.0,0.09523809523809523,0.2380952380952381,0.3333333333333333,0.09523809523809523
128,rock,0.17241379310344826,0.06896551724137931,0.0,0.17241379310344826,0.034482758620689655,0.13793103448275862,0.3103448275862069,0.06896551724137931,0.034482758620689655
129,rock,0.14814814814814817,0.07407407407407408,0.07407407407407408,0.03703703703703704,0.07407407407407408,0.22222222222222224,0.29629629629629634,0.07407407407407408,0.0
130,rock,0.16129032258064518,0.19354838709677422,0.0,0.03225806451612904,0.06451612903225808,0.19354838709677422,0.09677419354838711,0.19354838709677422,0.06451612903225808
131,rock,0.0,0.07142857142857142,0.07142857142857142,0.14285714285714285,0.03571428571428571,0.07142857142857142,0.0,0.17857142857142858,0.42857142857142855
132,rock,0.08333333333333333,0.0,0.125,0.20833333333333334,0.08333333333333333,0.041666666666666664,0.25,0.08333333333333333,0.125
133,rock,0.03448275862068965,0.10344827586206895,0.1379310344827586,0.17241379310344826,0.3103448275862069,0.0689655172413793,0.0,0.0,0.17241379310344826
134,rock,0.0,0.11111111111111112,0.22222222222222224,0.14814814814814814,0.18518518518518517,0.07407407407407407,0.037037037037037035,0.07407407407407407,0.14814814814814814
135,rock,0.03703703703703704,0.03703703703703704,0.14814814814814817,0.07407407407407408,0.22222222222222224,0.11111111111111112,0.11111111111111112,0.14814814814814817,0.11111111111111112
136,rock,0.037037037037037035,0.07407407407407407,0.037037037037037035,0.1111111111111111,0.037037037037037035,0.25925925925925924,0.18518518518518517,0.2222222222222222,0.037037037037037035
137,rock,0.07999999999999999,0.0,0.039999999999999994,0.07999999999999999,0.0,0.27999999999999997,0.27999999999999997,0.19999999999999998,0.039999999999999994
138,rock,0.08333333333333333,0.0,0.0,0.041666666666666664,0.08333333333333333,0.2916666666666667,0.37500000000000006,0.08333333333333333,0.041666666666666664
139,rock,0.09677419354838711,0.06451612903225808,0.03225806451612904,0.12903225806451615,0.0,0.32258064516129037,0.03225806451612904,0.16129032258064518,0.16129032258064518
140,rock,0.15384615384615385,0.0,0.038461538461538464,0.11538461538461539,0.038461538461538464,0.23076923076923078,0.3076923076923077,0.11538461538461539,0.0
141,rock,0.08695652173913043,0.08695652173913043,0.0,0.17391304347826086,0.043478260869565216,0.13043478260869565,0.043478260869565216,0.13043478260869565,0.30434782608695654
142,rock,0.0,0.1111111111111111,0.07407407407407406,0.1111111111111111,0.18518518518518515,0.07407407407407406,0.0,0.18518518518518515,0.25925925925925924
143,rock,0.06896551724137931,0.10344827586206898,0.06896551724137931,0.10344827586206898,0.27586206896551724,0.10344827586206898,0.13793103448275862,0.06896551724137931,0.06896551724137931
144,rock,0.15384615384615383,0.03846153846153846,0.0,0.0,0.07692307692307691,0.15384615384615383,0.34615384615384615,0.23076923076923075,0.0
145,rock,0.0,0.0,0.1111111111111111,0.2962962962962963,0.33333333333333337,0.037037037037037035,0.0,0.037037037037037035,0.18518518518518517
146,rock,0.09677419354838711,0.12903225806451615,0.12903225806451615,0.16129032258064518,0.12903225806451615,0.06451612903225808,0.09677419354838711,0.03225806451612904,0.16129032258064518
147,rock,0.06666666666666667,0.03333333333333333,0.06666666666666667,0.23333333333333334,0.19999999999999998,0.06666666666666667,0.13333333333333333,0.06666666666666667,0.13333333333333333
148,rock,0.2,0.0,0.04,0.16,0.12,0.12,0.2,0.12,0.04
149,rock,0.03571428571428571,0.03571428571428571,0.17857142857142858,0.25,0.32142857142857145,0.0,0.0,0.03571428571428571,0.14285714285714285
150,rock,0.07142857142857144,0.25000000000000006,0.07142857142857144,0.10714285714285715,0.14285714285714288,0.07142857142857144,0.03571428571428572,0.14285714285714288,0.10714285714285715
151,rock,0.0,0.0,0.14285714285714285,0.21428571428571427,0.10714285714285714,0.17857142857142855,0.21428571428571427,0.03571428571428571,0.10714285714285714
152,rock,0.03125,0.125,0.0,0.15625,0.0,0.34375,0.0625,0.15625,0.125
153,rock,0.037037037037037035,0.037037037037037035,0.0,0.37037037037037035,0.18518518518518517,0.037037037037037035,0.07407407407407407,0.0,0.25925925925925924
154,rock,0.07407407407407408,0.07407407407407408,0.03703703703703704,0.1851851851851852,0.1851851851851852,0.03703703703703704,0.1851851851851852,0.07407407407407408,0.14814814814814817
155,rock,0.0,0.2,0.04,0.2,0.16,0.12,0.12,0.08,0.08
156,rock,0.12,0.0,0.0,0.0,0.04,0.24,0.56,0.04,0.0
157,rock,0.08,0.12,0.08,0.12,0.12,0.04,0.12,0.16,0.16
158,rock,0.16666666666666666,0.1388888888888889,0.027777777777777773,0.1388888888888889,0.16666666666666666,0.08333333333333333,0.1388888888888889,0.055555555555555546,0.08333333333333333
159,rock,0.12500000000000003,0.0,0.16666666666666669,0.25000000000000006,0.16666666666666669,0.04166666666666667,0.08333333333333334,0.16666666666666669,0.0
160,rock,0.0,0.08695652173913043,0.13043478260869565,0.08695652173913043,0.08695652173913043,0.043478260869565216,0.17391304347826086,0.30434782608695654,0.08695652173913043
161,rock,0.0,0.08333333333333334,0.04166666666666667,0.04166666666666667,0.08333333333333334,0.12500000000000003,0.0,0.5416666666666667,0.08333333333333334
162,rock,0.0,0.038461538461538464,0.0,0.11538461538461539,0.0,0.3461538461538462,0.2692307692307693,0.19230769230769232,0.038461538461538464
163,rock,0.03571428571428571,0.03571428571428571,0.14285714285714285,0.25,0.07142857142857142,0.17857142857142858,0.10714285714285714,0.10714285714285714,0.07142857142857142
164,rock,0.06896551724137931,0.06896551724137931,0.20689655172413796,0.20689655172413796,0.13793103448275862,0.034482758620689655,0.06896551724137931,0.034482758620689655,0.1724137931034483
165,rock,0.0,0.06896551724137931,0.3448275862068966,0.20689655172413796,0.27586206896551724,0.0,0.0,0.0,0.10344827586206898
166,rock,0.09999999999999999,0.03333333333333333,0.09999999999999999,0.30000000000000004,0.09999999999999999,0.09999999999999999,0.13333333333333333,0.06666666666666667,0.06666666666666667
167,rock,0.10526315789473685,0.052631578947368425,0.10526315789473685,0.15789473684210528,0.10526315789473685,0.052631578947368425,0.2105263157894737,0.10526315789473685,0.10526315789473685
168,rock,0.08,0.0,0.08,0.36,0.2,0.0,0.04,0.08,0.16
169,rock,0.16666666666666666,0.041666666666666664,0.0,0.041666666666666664,0.0,0.25,0.37499999999999994,0.125,0.0
170,rock,0.11538461538461539,0.07692307692307693,0.19230769230769232,0.2692307692307692,0.15384615384615385,0.0,0.038461538461538464,0.0,0.15384615384615385
171,rock,0.0,0.11111111111111112,0.0,0.07407407407407408,0.07407407407407408,0.22222222222222224,0.14814814814814817,0.29629629629629634,0.07407407407407408
172,rock,0.1379310344827586,0.0689655172413793,0.17241379310344826,0.2758620689655172,0.17241379310344826,0.03448275862068965,0.10344827586206895,0.03448275862068965,0.0
173,rock,0.10810810810810809,0.05405405405405404,0.02702702702702702,0.16216216216216214,0.18918918918918917,0.13513513513513511,0.24324324324324323,0.08108108108108107,0.0
174,rock,0.07692307692307693,0.038461538461538464,0.0,0.07692307692307693,0.0,0.34615384615384615,0.15384615384615385,0.19230769230769232,0.11538461538461539
175,rock,0.0689655172413793,0.0689655172413793,0.17241379310344826,0.2758620689655172,0.17241379310344826,0.0689655172413793,0.0689655172413793,0.0,0.10344827586206895
176,rock,0.0,0.0,0.13636363636363638,0.15909090909090912,0.15909090909090912,0.0,0.022727272727272728,0.022727272727272728,0.5
177,rock,0.0,0.03225806451612903,0.19354838709677416,0.19354838709677416,0.25806451612903225,0.09677419354838708,0.09677419354838708,0.03225806451612903,0.09677419354838708
178,rock,0.14285714285714285,0.07142857142857142,0.17857142857142858,0.14285714285714285,0.2857142857142857,0.03571428571428571,0.07142857142857142,0.07142857142857142,0.0
179,rock,0.08695652173913043,0.08695652173913043,0.0,0.13043478260869565,0.043478260869565216,0.0,0.4347826086956522,0.17391304347826086,0.043478260869565216
180,rock,0.07692307692307693,0.07692307692307693,0.07692307692307693,0.038461538461538464,0.15384615384615385,0.15384615384615385,0.038461538461538464,0.15384615384615385,0.23076923076923078
181,rock,0.03846153846153846,0.03846153846153846,0.15384615384615383,0.03846153846153846,0.15384615384615383,0.15384615384615383,0.30769230769230765,0.11538461538461538,0.0
182,rock,0.03703703703703704,0.03703703703703704,0.29629629629629634,0.1851851851851852,0.29629629629629634,0.0,0.0,0.0,0.14814814814814817
183,rock,0.03846153846153846,0.03846153846153846,0.19230769230769232,0.23076923076923075,0.2692307692307692,0.0,0.03846153846153846,0.0,0.19230769230769232
184,rock,0.08,0.04,0.16,0.2,0.32,0.0,0.08,0.12,0.0
185,rock,0.0,0.04545454545454546,0.0,0.0,0.09090909090909093,0.27272727272727276,0.27272727272727276,0.27272727272727276,0.04545454545454546
186,rock,0.11538461538461539,0.038461538461538464,0.15384615384615385,0.15384615384615385,0.07692307692307693,0.15384615384615385,0.11538461538461539,0.07692307692307693,0.11538461538461539
187,rock,0.0,0.18518518518518517,0.1111111111111111,0.18518518518518517,0.2222222222222222,0.037037037037037035,0.0,0.07407407407407407,0.18518518518518517
188,rock,0.03125,0.0,0.21875,0.25,0.09375,0.03125,0.0625,0.09375,0.21875
189,rock,0.06666666666666665,0.033333333333333326,0.2666666666666666,0.033333333333333326,0.1333333333333333,0.06666666666666665,0.23333333333333328,0.09999999999999998,0.06666666666666665
190,rock,0.0,0.0625,0.1875,0.25,0.21875,0.03125,0.0,0.0625,0.1875
191,rock,0.06896551724137931,0.10344827586206896,0.20689655172413793,0.20689655172413793,0.20689655172413793,0.034482758620689655,0.06896551724137931,0.034482758620689655,0.06896551724137931
192,rock,0.0,0.06896551724137931,0.20689655172413796,0.20689655172413796,0.20689655172413796,0.06896551724137931,0.10344827586206898,0.06896551724137931,0.06896551724137931
193,rock,0.0,0.06666666666666668,0.20000000000000004,0.23333333333333334,0.20000000000000004,0.0,0.0,0.03333333333333334,0.2666666666666667
194,rock,0.06666666666666667,0.03333333333333333,0.13333333333333333,0.13333333333333333,0.16666666666666666,0.1,0.2,0.0,0.16666666666666666
195,rock,0.0,0.060606060606060615,0.21212121212121215,0.2727272727272728,0.2727272727272728,0.0,0.0,0.0,0.18181818181818185
196,rock,0.10344827586206898,0.06896551724137931,0.0,0.24137931034482762,0.20689655172413796,0.034482758620689655,0.13793103448275862,0.06896551724137931,0.13793103448275862
197,rock,0.09090909090909091,0.09090909090909091,0.045454545454545456,0.09090909090909091,0.045454545454545456,0.18181818181818182,0.2727272727272727,0.13636363636363635,0.045454545454545456
198,rock,0.13043478260869562,0.0,0.04347826086956521,0.08695652173913042,0.04347826086956521,0.26086956521739124,0.43478260869565216,0.0,0.0
199,rock,0.19230769230769232,0.07692307692307693,0.038461538461538464,0.11538461538461539,0.0,0.3461538461538462,0.15384615384615385,0.038461538461538464,0.038461538461538464
200,rock,0.16666666666666666,0.0,0.22222222222222218,0.16666666666666666,0.11111111111111109,0.055555555555555546,0.16666666666666666,0.055555555555555546,0.055555555555555546
201,electronic,0.06593406593406594,0.07692307692307693,0.0,0.010989010989010988,0.0879120879120879,0.16483516483516483,0.2087912087912088,0.3516483516483516,0.03296703296703297
202,electronic,0.08791208791208792,0.09890109890109891,0.03296703296703297,0.05494505494505495,0.28571428571428575,0.04395604395604396,0.28571428571428575,0.1098901098901099,0.0
203,electronic,0.05494505494505495,0.2307692307692308,0.010989010989010992,0.03296703296703297,0.05494505494505495,0.2417582417582418,0.010989010989010992,0.26373626373626374,0.09890109890109892
204,electronic,0.04395604395604395,0.1648351648351648,0.0,0.04395604395604395,0.03296703296703296,0.2967032967032967,0.021978021978021976,0.3406593406593406,0.05494505494505494
205,electronic,0.13043478260869565,0.10869565217391303,0.15217391304347827,0.14130434782608695,0.32608695652173914,0.021739130434782608,0.03260869565217391,0.03260869565217391,0.05434782608695651
206,electronic,0.043478260869565216,0.07608695652173914,0.010869565217391304,0.010869565217391304,0.043478260869565216,0.19565217391304346,0.32608695652173914,0.2717391304347826,0.021739130434782608
207,electronic,0.06451612903225806,0.08602150537634408,0.01075268817204301,0.06451612903225806,0.11827956989247312,0.06451612903225806,0.2043010752688172,0.3548387096774193,0.03225806451612903
208,electronic,0.06521739130434782,0.17391304347826086,0.07608695652173914,0.08695652173913043,0.2391304347826087,0.08695652173913043,0.05434782608695653,0.16304347826086957,0.05434782608695653
209,electronic,0.06451612903225808,0.05376344086021506,0.0,0.03225806451612904,0.03225806451612904,0.19354838709677422,0.31182795698924737,0.3010752688172043,0.010752688172043012
210,electronic,0.054945054945054944,0.18681318681318682,0.04395604395604396,0.07692307692307693,0.16483516483516483,0.16483516483516483,0.02197802197802198,0.21978021978021978,0.06593406593406594
211,electronic,0.041666666666666664,0.07291666666666667,0.041666666666666664,0.020833333333333332,0.125,0.11458333333333333,0.14583333333333334,0.3645833333333333,0.07291666666666667
212,electronic,0.06451612903225806,0.1075268817204301,0.021505376344086016,0.07526881720430106,0.12903225806451613,0.20430107526881716,0.2150537634408602,0.18279569892473113,0.0
213,electronic,0.08888888888888889,0.06666666666666667,0.044444444444444446,0.1,0.2,0.08888888888888889,0.23333333333333334,0.11111111111111112,0.06666666666666667
214,electronic,0.08695652173913043,0.043478260869565216,0.03260869565217391,0.09782608695652174,0.09782608695652174,0.09782608695652174,0.32608695652173914,0.17391304347826086,0.043478260869565216
215,electronic,0.13043478260869562,0.06521739130434781,0.021739130434782605,0.06521739130434781,0.16304347826086954,0.10869565217391303,0.2826086956521739,0.14130434782608695,0.021739130434782605
216,electronic,0.0641025641025641,0.0641025641025641,0.0641025641025641,0.0641025641025641,0.08974358974358974,0.1282051282051282,0.2692307692307692,0.23076923076923075,0.02564102564102564
217,electronic,0.013888888888888888,0.08333333333333334,0.1388888888888889,0.2222222222222222,0.3611111111111111,0.013888888888888888,0.0,0.027777777777777776,0.1388888888888889
218,electronic,0.11538461538461538,0.1346153846153846,0.038461538461538464,0.038461538461538464,0.3076923076923077,0.05769230769230769,0.09615384615384616,0.17307692307692307,0.038461538461538464
219,electronic,0.08333333333333334,0.125,0.125,0.0,0.25,0.08333333333333334,0.04166666666666667,0.08333333333333334,0.20833333333333334
220,electronic,0.2,0.044444444444444446,0.08888888888888889,0.11111111111111112,0.22222222222222224,0.06666666666666667,0.11111111111111112,0.11111111111111112,0.044444444444444446
221,electronic,0.05128205128205129,0.3076923076923077,0.025641025641025644,0.025641025641025644,0.05128205128205129,0.25641025641025644,0.025641025641025644,0.17948717948717952,0.07692307692307693
222,electronic,0.06451612903225808,0.0,0.0,0.0,0.0,0.22580645161290325,0.22580645161290325,0.4193548387096775,0.06451612903225808
223,electronic,0.1111111111111111,0.0,0.0,0.0,0.05555555555555555,0.16666666666666666,0.38888888888888884,0.2222222222222222,0.05555555555555555
224,electronic,0.04761904761904762,0.14285714285714285,0.14285714285714285,0.04761904761904762,0.380952380952381,0.0,0.14285714285714285,0.04761904761904762,0.04761904761904762
225,electronic,0.0,0.13793103448275862,0.0,0.0,0.2068965517241379,0.10344827586206895,0.0,0.4137931034482758,0.13793103448275862
226,electronic,0.0,0.25925925925925924,0.037037037037037035,0.18518518518518517,0.2222222222222222,0.07407407407407407,0.0,0.037037037037037035,0.18518518518518517
227,electronic,0.11764705882352942,0.11764705882352942,0.05882352941176471,0.11764705882352942,0.4117647058823529,0.05882352941176471,0.05882352941176471,0.05882352941176471,0.0
228,electronic,0.05,0.05,0.0,0.05,0.0,0.5,0.3,0.05,0.0
229,electronic,0.11111111111111112,0.05555555555555556,0.0,0.0,0.0,0.16666666666666666,0.16666666666666666,0.4444444444444445,0.05555555555555556
230,electronic,0.04347826086956522,0.04347826086956522,0.0,0.04347826086956522,0.08695652173913045,0.21739130434782608,0.2608695652173913,0.1739130434782609,0.13043478260869565
231,electronic,0.0588235294117647,0.1176470588235294,0.0,0.0,0.1176470588235294,0.29411764705882354,0.1176470588235294,0.2352941176470588,0.0588235294117647
232,electronic,0.13636363636363635,0.13636363636363635,0.13636363636363635,0.045454545454545456,0.18181818181818182,0.22727272727272727,0.0,0.13636363636363635,0.0
233,electronic,0.0,0.26666666666666666,0.0,0.0,0.0,0.19999999999999996,0.06666666666666667,0.4666666666666666,0.0
234,electronic,0.0,0.2,0.05,0.0,0.15,0.15,0.1,0.25,0.1
235,electronic,0.05,0.15,0.05,0.1,0.2,0.15,0.1,0.1,0.1
236,electronic,0.0,0.11111111111111112,0.0,0.05555555555555556,0.0,0.22222222222222224,0.3333333333333333,0.22222222222222224,0.05555555555555556
237,electronic,0.0,0.25,0.05,0.1,0.25,0.05,0.0,0.25,0.05
238,electronic,0.03571428571428572,0.10714285714285714,0.07142857142857144,0.17857142857142858,0.25,0.03571428571428572,0.0,0.17857142857142858,0.14285714285714288
239,electronic,0.05882352941176471,0.1764705882352941,0.05882352941176471,0.0,0.0,0.11764705882352942,0.23529411764705885,0.29411764705882354,0.05882352941176471
240,electronic,0.05882352941176471,0.23529411764705885,0.0,0.05882352941176471,0.23529411764705885,0.0,0.0,0.4117647058823529,0.0
241,electronic,0.04347826086956522,0.30434782608695654,0.04347826086956522,0.04347826086956522,0.2608695652173913,0.13043478260869565,0.08695652173913045,0.04347826086956522,0.04347826086956522
242,electronic,0.0,0.19230769230769232,0.0,0.30769230769230776,0.23076923076923078,0.03846153846153847,0.03846153846153847,0.07692307692307694,0.11538461538461539
243,electronic,0.0,0.10526315789473685,0.0,0.10526315789473685,0.0,0.3157894736842105,0.10526315789473685,0.2631578947368421,0.10526315789473685
244,electronic,0.0,0.25,0.0,0.05,0.15,0.1,0.0,0.2,0.25
245,electronic,0.0,0.25,0.04166666666666667,0.04166666666666667,0.08333333333333334,0.125,0.0,0.33333333333333337,0.125
246,electronic,0.04166666666666667,0.16666666666666669,0.0,0.125,0.125,0.16666666666666669,0.125,0.16666666666666669,0.08333333333333334
